last-generated=2016-04-07
statistics-simulation=
{
  "numerical Jacobians": "0", 
  "nonlinear": " ", 
  "linear": " "
}
lim=[1., 1.]
y_ierf=[0., 0.00022566079918131808, 0.00090246274286443667, 0.00202986492174802137, 0.00360696687777736606, 0.00563251118916688071, 0.00810488818221106154, 0.01102213366576297766, 0.01438194395000754952, 0.01818166723559262038, 0.02241832699825467221, 0.02708861448468508765, 0.03218890502265545073, 0.03771525532516254581, 0.0436634306044474188, 0.05002889402779134992, 0.05680685374808809585, 0.06399220099711169785, 0.07157959991402697286, 0.07956348559248986596, 0.08793800819679421787, 0.09669713530016410541, 0.10583459699265357346, 0.11534394672122907921, 0.12521857572183731078, 0.1354516446590423584, 0.14603623299975529437, 0.15696518440716714093, 0.1682313667218467701, 0.17982738714560334015, 0.19174577365113912308, 0.20397908693949851067, 0.21651970768469214201, 0.22935995265928571518, 0.24249219424763612807, 0.25590867620287954809, 0.26960165329984125959, 0.28356342842017390193, 0.29778621290976253766, 0.31226234753854953397, 0.32698406891720216416, 0.34194383568412139995, 0.35713400477685464107, 0.37254701942466639242, 0.38817552109636827007, 0.40401210312526492086, 0.42004944535954052975, 0.43628043132037502838, 0.45269798032925062659, 0.46929506864825409895, 0.4860649406909942627, 0.50300093135395362864, 0.52009633493131290916, 0.53734480351003055532, 0.55473991476154305147, 0.57227579648985626992, 0.58994620617141502184, 0.60774542183082547187, 0.62566766173326038292, 0.64370744220503051114, 0.66185929023778899971, 0.68011823664815895807, 0.69848256427558530479, 0.71693969657582945487, 0.73549309058682565965, 0.75412987165464473449, 0.77284992792114770577, 0.79164936981294287133, 0.81052385410703353674, 0.82946944690059321026, 0.8484823931218631321, 0.86756251388175842365, 0.88669854888143062599, 0.9058916798722626007, 0.92513839555099885992, 0.9444357752799987793, 0.9637808388613570143, 0.98317072521596304835, 1.00260275212764859987, 1.02207441920161157256, 1.04158339558961809956, 1.06113004218419870739, 1.08070625277063836478, 1.10031321941630988448, 1.11994903475945517535, 1.13961155495042754104, 1.15929934546309865162, 1.17901062025486247364, 1.19874382960967729161, 1.21849742380046999202, 1.2382700915102784478, 1.25806028421113036408, 1.27786704572502829436, 1.297689185269732981, 1.31752551075252188895, 1.33737685663876360032, 1.35723833533624782532, 1.37711102045244659919, 1.39699443362538677782, 1.41688750277226516161, 1.43678951263427734375]
time=[0., 2.]
