last-generated=2016-04-07
statistics-simulation=
{
  "numerical Jacobians": "0", 
  "nonlinear": " ", 
  "linear": " "
}
TWallCor=[283.149993896484375, 286.470001220703125, 286.9593505859375, 287.240203857421875, 287.4295654296875, 287.569366455078125, 287.67694091796875, 287.76141357421875, 287.8323974609375, 287.904998779296875, 287.96978759765625, 288.022674560546875, 288.076416015625, 288.125701904296875, 288.1712646484375, 288.21356201171875, 288.2530517578125, 288.290069580078125, 288.324920654296875, 288.357818603515625, 288.38897705078125, 288.418609619140625, 288.44677734375, 288.473663330078125, 288.4993896484375, 288.524017333984375, 288.54766845703125, 288.570404052734375, 288.592254638671875, 288.61334228515625, 288.633697509765625, 288.653350830078125, 288.67236328125, 288.690765380859375, 288.7086181640625, 288.725921630859375, 288.74273681640625, 288.759063720703125, 288.774932861328125, 288.790374755859375, 288.805450439453125, 288.820098876953125, 288.83441162109375, 288.848358154296875, 288.861968994140625, 288.875274658203125, 288.888275146484375, 288.9010009765625, 288.913421630859375, 288.92559814453125, 288.937530517578125, 288.949188232421875, 288.96063232421875, 288.971832275390625, 288.98284912109375, 288.993621826171875, 289.00421142578125, 289.01458740234375, 289.0247802734375, 289.034820556640625, 289.044647216796875, 289.0543212890625, 289.0638427734375, 289.073211669921875, 289.0823974609375, 289.091461181640625, 289.100372314453125, 289.109130859375, 289.117767333984375, 289.12628173828125, 289.1346435546875, 289.142913818359375, 289.151031494140625, 289.1590576171875, 289.166961669921875, 289.17474365234375, 289.18243408203125, 289.19000244140625, 289.197479248046875, 289.204864501953125, 289.212158203125, 289.219329833984375, 289.2264404296875, 289.233428955078125, 289.2403564453125, 289.2471923828125, 289.253936767578125, 289.260589599609375, 289.267181396484375, 289.273681640625, 289.280120849609375, 289.2864990234375, 289.292755126953125, 289.298980712890625, 289.305145263671875, 289.31121826171875, 289.317230224609375, 289.323150634765625, 289.32904052734375, 289.334869384765625, 289.340606689453125]
TWallCorSteSta=[291.4205322265625, 291.4205322265625]
time=[0., 7200000.]
