last-generated=2016-04-07
statistics-simulation=
{
  "numerical Jacobians": "0", 
  "nonlinear": " ", 
  "number of continuous time states": "142", 
  "linear": "0, 0, 0, 0, 0, 0, 0, 0, 0, 0, 0, 0, 0, 0, 0, 0, 0, 0, 0, 0, 0, 0, 0, 0, 0, 0, 0,   0, 0, 0"
}
senTem_out.T=[293.149993896484375, 283.163604736328125, 283.150421142578125, 283.14990234375, 283.1505126953125, 283.15087890625, 283.152008056640625, 283.15277099609375, 283.15435791015625, 283.156280517578125, 283.1593017578125, 283.164581298828125, 283.17486572265625, 283.195404052734375, 283.23468017578125, 283.305084228515625, 283.42236328125, 283.60455322265625, 283.86968994140625, 284.233306884765625, 284.705963134765625, 285.291107177734375, 285.983673095703125, 286.770477294921875, 287.6317138671875, 288.542266845703125, 289.475799560546875, 290.406402587890625, 291.310638427734375, 292.169097900390625, 292.966827392578125, 293.6934814453125, 294.34332275390625, 294.9149169921875, 295.4102783203125, 295.834136962890625, 296.1929931640625, 296.49432373046875, 296.74578857421875, 296.954864501953125, 297.128509521484375, 297.273040771484375, 297.394012451171875, 297.4962158203125, 297.58367919921875, 297.659576416015625, 297.726531982421875, 297.786529541015625, 297.84112548828125, 297.891143798828125, 297.937530517578125, 297.981292724609375, 298.022308349609375, 298.061553955078125, 298.099151611328125, 298.13507080078125, 298.1697998046875, 298.203521728515625, 298.23626708984375, 298.26812744140625, 298.299346923828125, 298.32965087890625, 298.35919189453125, 298.387969970703125, 298.416107177734375, 298.443603515625, 298.470458984375, 298.496795654296875, 298.522613525390625, 298.547943115234375, 298.572845458984375, 298.597259521484375, 298.621063232421875, 298.644378662109375, 298.667266845703125, 298.689666748046875, 298.711639404296875, 298.733123779296875, 298.754150390625, 298.774749755859375, 298.794921875, 298.814666748046875, 298.833984375, 298.8529052734375, 298.871429443359375, 298.889556884765625, 298.9073486328125, 298.924713134765625, 298.941741943359375, 298.95843505859375, 298.974761962890625, 298.990753173828125, 299.00640869140625, 299.02178955078125, 299.036865234375, 299.0516357421875, 299.066162109375, 299.08038330078125, 299.094329833984375, 299.1080322265625, 299.121490478515625]
senTem_in.T=[293.149993896484375, 303.136383056640625, 303.149627685546875, 303.1502685546875, 303.14996337890625, 303.150115966796875, 303.149749755859375, 303.150054931640625, 303.149932861328125, 303.149993896484375, 303.149993896484375, 303.149993896484375, 303.149993896484375, 303.149993896484375, 303.149993896484375, 303.149993896484375, 303.149993896484375, 303.149993896484375, 303.149993896484375, 303.149993896484375, 303.149993896484375, 303.149993896484375, 303.149993896484375, 303.149993896484375, 303.149993896484375, 303.149993896484375, 303.149993896484375, 303.149993896484375, 303.149993896484375, 303.149993896484375, 303.149993896484375, 303.149993896484375, 303.149993896484375, 303.149993896484375, 303.149993896484375, 303.149993896484375, 303.149993896484375, 303.149993896484375, 303.149993896484375, 303.149993896484375, 303.149993896484375, 303.149993896484375, 303.149993896484375, 303.149993896484375, 303.149993896484375, 303.149993896484375, 303.149993896484375, 303.149993896484375, 303.149993896484375, 303.149993896484375, 303.149993896484375, 303.149993896484375, 303.149993896484375, 303.149993896484375, 303.149993896484375, 303.149993896484375, 303.149993896484375, 303.149993896484375, 303.149993896484375, 303.149993896484375, 303.149993896484375, 303.149993896484375, 303.149993896484375, 303.149993896484375, 303.149993896484375, 303.149993896484375, 303.149993896484375, 303.149993896484375, 303.149993896484375, 303.149993896484375, 303.149993896484375, 303.149993896484375, 303.149993896484375, 303.149993896484375, 303.149993896484375, 303.149993896484375, 303.149993896484375, 303.149993896484375, 303.149993896484375, 303.149993896484375, 303.149993896484375, 303.149993896484375, 303.149993896484375, 303.149993896484375, 303.149993896484375, 303.149993896484375, 303.149993896484375, 303.149993896484375, 303.149993896484375, 303.149993896484375, 303.149993896484375, 303.149993896484375, 303.149993896484375, 303.149993896484375, 303.149993896484375, 303.149993896484375, 303.149993896484375, 303.149993896484375, 303.149993896484375, 303.149993896484375, 303.149993896484375]
seg.T_start=[283.149993896484375, 283.149993896484375]
time=[0., 1000.]
