last-generated=2016-04-07
statistics-simulation=
{
  "numerical Jacobians": "0", 
  "nonlinear": " ", 
  "number of continuous time states": "6", 
  "linear": "0, 0"
}
Rb_ref.y=[0.22920599579811096191, 0.22920599579811096191]
Rb_sim=[8., 0.6120802760124206543, 0.37875378131866455078, 0.30664268136024475098, 0.27593913674354553223, 0.26144209504127502441, 0.25415381789207458496, 0.25069701671600341797, 0.24901525676250457764, 0.24835607409477233887, 0.24789097905158996582, 0.24738511443138122559, 0.24712264537811279297, 0.24697458744049072266, 0.24682670831680297852, 0.24668122828006744385, 0.24665154516696929932, 0.24662186205387115479, 0.24659217894077301025, 0.24656251072883605957, 0.24653285741806030273, 0.2465032041072845459, 0.24647355079650878906, 0.24646495282649993896, 0.24646162986755371094, 0.24645832180976867676, 0.24645499885082244873, 0.24645169079303741455, 0.24644836783409118652, 0.24644505977630615234, 0.24644175171852111816, 0.24643842875957489014, 0.24643512070178985596, 0.24643179774284362793, 0.24642848968505859375, 0.24642518162727355957, 0.24642185866832733154, 0.24641966819763183594, 0.24641947448253631592, 0.2464192807674407959, 0.24641908705234527588, 0.24641887843608856201, 0.24641868472099304199, 0.24641849100589752197, 0.24641829729080200195, 0.24641810357570648193, 0.24641790986061096191, 0.24641770124435424805, 0.24641750752925872803, 0.24641731381416320801, 0.24641712009906768799, 0.24641692638397216797, 0.24641673266887664795, 0.24641652405261993408, 0.24641633033752441406, 0.24641613662242889404, 0.24641594290733337402, 0.246415749192237854, 0.24641555547714233398, 0.24641534686088562012, 0.2464151531457901001, 0.24641495943069458008, 0.24641476571559906006, 0.24641457200050354004, 0.24641437828540802002, 0.24641416966915130615, 0.24641408026218414307, 0.24641408026218414307, 0.24641408026218414307, 0.24641409516334533691, 0.24641409516334533691, 0.24641409516334533691, 0.24641411006450653076, 0.24641411006450653076, 0.24641411006450653076, 0.24641411006450653076, 0.24641412496566772461, 0.24641412496566772461, 0.24641412496566772461, 0.24641413986682891846, 0.24641413986682891846, 0.24641413986682891846, 0.2464141547679901123, 0.2464141547679901123, 0.2464141547679901123, 0.24641416966915130615, 0.24641416966915130615, 0.24641416966915130615, 0.2464141845703125, 0.2464141845703125, 0.2464141845703125, 0.24641419947147369385, 0.24641419947147369385, 0.24641419947147369385, 0.24641419947147369385, 0.2464142143726348877, 0.2464142143726348877, 0.2464142143726348877, 0.24641422927379608154, 0.24641422927379608154, 0.24641422927379608154]
error.y=[7.770793914794921875, 0.38287428021430969238, 0.14954778552055358887, 0.07743667811155319214, 0.04673314839601516724, 0.03223608434200286865, 0.02494780905544757843, 0.02149100787937640797, 0.0198092535138130188, 0.01915008015930652618, 0.01868498325347900391, 0.01817911118268966675, 0.01791665330529212952, 0.01776858977973461151, 0.01762070693075656891, 0.01747523434460163116, 0.01744554378092288971, 0.01741586066782474518, 0.01738618500530719757, 0.01735651679337024689, 0.0173268541693687439, 0.01729720085859298706, 0.01726755313575267792, 0.01725894585251808167, 0.01725563220679759979, 0.01725231669843196869, 0.01724900305271148682, 0.01724568940699100494, 0.01724237389862537384, 0.01723906025290489197, 0.0172357466071844101, 0.01723243296146392822, 0.01722911745309829712, 0.01722580380737781525, 0.01722249016165733337, 0.0172191765159368515, 0.01721586287021636963, 0.01721366867423057556, 0.01721347309648990631, 0.01721327751874923706, 0.01721308007836341858, 0.01721288450062274933, 0.01721268892288208008, 0.0172124914824962616, 0.01721229590475559235, 0.0172121003270149231, 0.01721190288662910461, 0.01721170730888843536, 0.01721151173114776611, 0.01721131429076194763, 0.01721111871302127838, 0.01721092313528060913, 0.01721072569489479065, 0.0172105301171541214, 0.01721033453941345215, 0.01721013709902763367, 0.01720994152128696442, 0.01720974408090114594, 0.01720954850316047668, 0.01720935292541980743, 0.01720915548503398895, 0.0172089599072933197, 0.01720876432955265045, 0.01720856688916683197, 0.01720837131142616272, 0.01720817573368549347, 0.017208075150847435, 0.01720808073878288269, 0.01720808446407318115, 0.01720809005200862885, 0.01720809377729892731, 0.017208099365234375, 0.01720810309052467346, 0.01720810867846012115, 0.01720811240375041962, 0.01720811799168586731, 0.01720812171697616577, 0.01720812730491161346, 0.01720813103020191193, 0.01720813661813735962, 0.01720814034342765808, 0.01720814593136310577, 0.01720814965665340424, 0.01720815524458885193, 0.01720815896987915039, 0.01720816455781459808, 0.01720816828310489655, 0.01720817387104034424, 0.0172081775963306427, 0.01720818318426609039, 0.01720818877220153809, 0.01720819249749183655, 0.01720819808542728424, 0.0172082018107175827, 0.0172082073986530304, 0.01720821112394332886, 0.01720821671187877655, 0.01720822043716907501, 0.01720822602510452271, 0.01720822975039482117, 0.01720823533833026886]
time=[0., 100000.]
senTem.T=[293.149993896484375, 292.749755859375, 292.772918701171875, 292.78729248046875, 292.795684814453125, 292.80035400390625, 292.80291748046875, 292.804168701171875, 292.8048095703125, 292.8050537109375, 292.80523681640625, 292.805419921875, 292.805511474609375, 292.805572509765625, 292.805633544921875, 292.805694580078125, 292.805694580078125, 292.80572509765625, 292.80572509765625, 292.80572509765625, 292.805755615234375, 292.805755615234375, 292.805755615234375, 292.8057861328125, 292.8057861328125, 292.8057861328125, 292.8057861328125, 292.8057861328125, 292.8057861328125, 292.8057861328125, 292.8057861328125, 292.8057861328125, 292.8057861328125, 292.8057861328125, 292.8057861328125, 292.8057861328125, 292.8057861328125, 292.8057861328125, 292.8057861328125, 292.8057861328125, 292.8057861328125, 292.8057861328125, 292.8057861328125, 292.8057861328125, 292.8057861328125, 292.8057861328125, 292.8057861328125, 292.8057861328125, 292.8057861328125, 292.8057861328125, 292.8057861328125, 292.8057861328125, 292.8057861328125, 292.8057861328125, 292.8057861328125, 292.8057861328125, 292.8057861328125, 292.8057861328125, 292.8057861328125, 292.8057861328125, 292.8057861328125, 292.8057861328125, 292.8057861328125, 292.8057861328125, 292.8057861328125, 292.8057861328125, 292.8057861328125, 292.8057861328125, 292.8057861328125, 292.8057861328125, 292.8057861328125, 292.8057861328125, 292.8057861328125, 292.8057861328125, 292.8057861328125, 292.8057861328125, 292.8057861328125, 292.8057861328125, 292.8057861328125, 292.8057861328125, 292.8057861328125, 292.8057861328125, 292.8057861328125, 292.8057861328125, 292.8057861328125, 292.8057861328125, 292.8057861328125, 292.8057861328125, 292.8057861328125, 292.8057861328125, 292.8057861328125, 292.8057861328125, 292.8057861328125, 292.8057861328125, 292.8057861328125, 292.8057861328125, 292.8057861328125, 292.8057861328125, 292.8057861328125, 292.8057861328125, 292.8057861328125]
