last-generated=2016-04-07
statistics-simulation=
{
  "numerical Jacobians": "0", 
  "nonlinear": " ", 
  "number of continuous time states": "44", 
  "linear": "0, 0, 0, 0, 0, 0, 0, 0, 0, 0, 0, 0, 0, 0, 0, 0, 0, 0, 0, 0"
}
senTem_in.T=[283.149993896484375, 283.149993896484375, 283.149993896484375, 287.1126708984375, 287.579315185546875, 287.813995361328125, 287.970184326171875, 288.0880126953125, 288.1822509765625, 288.2603759765625, 288.327423095703125, 288.386138916015625, 288.43829345703125, 288.48529052734375, 288.52789306640625, 288.566802978515625, 288.6026611328125, 288.6358642578125, 288.66668701171875, 288.695526123046875, 288.7225341796875, 288.74786376953125, 288.771820068359375, 288.794464111328125, 288.815948486328125, 288.836456298828125, 288.856048583984375, 288.87481689453125, 288.892974853515625, 288.9105224609375, 288.927520751953125, 288.94415283203125, 288.96038818359375, 288.976287841796875, 288.991943359375, 289.00738525390625, 289.0225830078125, 289.03765869140625, 289.05255126953125, 289.067291259765625, 289.081939697265625, 289.096466064453125, 289.110870361328125, 289.12518310546875, 289.139434814453125, 289.153564453125, 289.167633056640625, 289.181610107421875, 289.19549560546875, 289.2093505859375, 289.223114013671875, 289.236785888671875, 289.25042724609375, 289.264007568359375, 289.277496337890625, 289.29095458984375, 289.304351806640625, 289.31768798828125, 289.33099365234375, 289.34423828125, 289.357391357421875, 289.37054443359375, 289.3836669921875, 289.396697998046875, 289.40972900390625, 289.422698974609375, 289.435638427734375, 289.44854736328125, 289.46142578125, 289.4742431640625, 289.487060546875, 289.49981689453125, 289.512542724609375, 289.5252685546875, 289.537933349609375, 289.55059814453125, 289.563201904296875, 289.5758056640625, 289.58837890625, 289.600921630859375, 289.61346435546875, 289.625946044921875, 289.638427734375, 289.65087890625, 289.663299560546875, 289.67572021484375, 289.6881103515625, 289.700469970703125, 289.71282958984375, 289.72515869140625, 289.737457275390625, 289.749755859375, 289.76202392578125, 289.774261474609375, 289.7864990234375, 289.798736572265625, 289.8109130859375, 289.823089599609375, 293.465728759765625, 292.6219482421875, 291.499755859375]
senTem_out.T=[283.149993896484375, 283.149993896484375, 283.149993896484375, 285.668548583984375, 286.134613037109375, 286.3690185546875, 286.52508544921875, 286.64288330078125, 286.737060546875, 286.815185546875, 286.882232666015625, 286.94091796875, 286.9930419921875, 287.0400390625, 287.0826416015625, 287.121551513671875, 287.15740966796875, 287.19061279296875, 287.221405029296875, 287.250244140625, 287.277252197265625, 287.302581787109375, 287.3265380859375, 287.34918212890625, 287.37066650390625, 287.391143798828125, 287.410736083984375, 287.429534912109375, 287.447662353515625, 287.4652099609375, 287.48223876953125, 287.49884033203125, 287.515106201171875, 287.531005859375, 287.546661376953125, 287.562103271484375, 287.577301025390625, 287.59234619140625, 287.60723876953125, 287.621978759765625, 287.636627197265625, 287.651153564453125, 287.665557861328125, 287.679901123046875, 287.694122314453125, 287.708251953125, 287.722320556640625, 287.736297607421875, 287.750213623046875, 287.7640380859375, 287.777801513671875, 287.79150390625, 287.805145263671875, 287.818695068359375, 287.832183837890625, 287.845672607421875, 287.85906982421875, 287.87237548828125, 287.88568115234375, 287.89892578125, 287.912109375, 287.925262451171875, 287.9383544921875, 287.951385498046875, 287.96441650390625, 287.9774169921875, 287.990325927734375, 288.00323486328125, 288.01611328125, 288.0289306640625, 288.041748046875, 288.05450439453125, 288.067230224609375, 288.0799560546875, 288.0926513671875, 288.10528564453125, 288.117919921875, 288.130523681640625, 288.14306640625, 288.1556396484375, 288.16815185546875, 288.180633544921875, 288.193115234375, 288.205596923828125, 288.217987060546875, 288.23040771484375, 288.242828369140625, 288.255157470703125, 288.26751708984375, 288.27984619140625, 288.292144775390625, 288.304443359375, 288.31671142578125, 288.328948974609375, 288.341217041015625, 288.353424072265625, 288.3656005859375, 288.3778076171875, 290.105255126953125, 291.174591064453125, 290.045867919921875]
time=[0., 1700000.]
borFie.Q_flow=[0., 0., 0., 116008.328125, 116058.0546875, 116079.5078125, 116089.5546875, 116090.1640625, 116094.4609375, 116097.6875, 116096.9921875, 116098.9453125, 116100.671875, 116099.90625, 116101.1171875, 116102.2734375, 116101.5703125, 116102.421875, 116103.265625, 116102.6484375, 116103.2890625, 116103.9453125, 116103.3984375, 116103.90625, 116104.4296875, 116103.9296875, 116104.3359375, 116104.765625, 116104.2890625, 116104.6171875, 116104.984375, 116104.515625, 116104.796875, 116105.1171875, 116104.6640625, 116104.9140625, 116105.203125, 116104.75, 116104.984375, 116105.2578125, 116104.8203125, 116105.0390625, 116105.3046875, 116104.8671875, 116105.078125, 116105.3359375, 116104.90625, 116105.1171875, 116105.3671875, 116104.9453125, 116105.1484375, 116105.3984375, 116104.9765625, 116105.1796875, 116105.421875, 116105.0078125, 116105.203125, 116105.4453125, 116105.03125, 116105.2265625, 116105.4609375, 116105.0546875, 116105.2421875, 116105.4765625, 116105.078125, 116105.265625, 116105.4921875, 116105.09375, 116105.28125, 116105.5078125, 116105.109375, 116105.296875, 116105.5234375, 116105.125, 116105.3046875, 116105.53125, 116105.140625, 116105.3203125, 116105.546875, 116105.1484375, 116105.328125, 116105.5546875, 116105.1640625, 116105.34375, 116105.5625, 116105.171875, 116105.3515625, 116105.5703125, 116105.1796875, 116105.359375, 116105.578125, 116105.1953125, 116105.3671875, 116105.5859375, 116105.203125, 116105.375, 116105.59375, 116105.2109375, 269955.375, 116277.640625, 116795.9296875]
