last-generated=2016-04-07
statistics-simulation=
{
  "numerical Jacobians": "0", 
  "nonlinear": " ", 
  "linear": " "
}
int=[0., 7.72772775611683737651, 3.92932474012384425066, 2.63209429946307782444, 1.97708455652056125373, 1.58167397975921630859, 1.31681770440489653851, 1.12684272014494668568, 0.9837923816502497365, 0.8720875168495662022, 0.78235971927642822266, 0.70863659947469703759, 0.64693143925912732772, 0.59448085061493372017, 0.54930966154539584423, 0.50996816158294677734, 0.47536844840042902227, 0.44467835101609054504, 0.41725035325186182744, 0.39257320229163766845, 0.37023782730102539062, 0.34991298333627840478, 0.33132780484446450187, 0.31425841892241740405, 0.29851840447427219205, 0.28395107388496398926, 0.2704240261558539804, 0.25782442693691215441, 0.24605561267313941221, 0.23503431238775282508, 0.22468832135200500488, 0.2149548294058956921, 0.20577894588751005633, 0.19711234774596977926, 0.18891250379070656518, 0.18114168941974639893, 0.17376644240899954963, 0.16675690150715868909, 0.16008631581995738657, 0.1537307710462043342, 0.14766861498355865479, 0.14188043245614276322, 0.13634856526085611939, 0.1310570489960027063, 0.12599125987604967158, 0.12113798409700393677, 0.11648505500441377891, 0.11202136354990267775, 0.10773671490602235168, 0.10362166558747194778, 0.0996675640344619751, 0.09586640843806672196, 0.09221076294516876437, 0.08869375959301631362, 0.08530895734768102756, 0.08205042034387588501, 0.0789125607396358314, 0.07589018534562075313, 0.07297842014887848117, 0.07017267017912844074, 0.0674686431884765625, 0.06486227868794486318, 0.06234976932332954996, 0.0599275091297820986, 0.05759205891890529366, 0.05534019693732261658, 0.05316885361075471272, 0.0510751044985373881, 0.04905618367227710525, 0.04710942319918665772, 0.04523230716586112976, 0.04342242163899909246, 0.04167745686578232245, 0.03999520414066834451, 0.03837353145758873318, 0.03681040927767753601, 0.03530388186996670508, 0.03385206417649607585, 0.0324531559506096301, 0.03110539669180789613, 0.02980710938572883606, 0.02855667576359221388, 0.02735251153406315777, 0.02619311993423291407, 0.02507701665165171234, 0.0240028034895658493, 0.02296909711701916948, 0.02197455991133864805, 0.02101791832521740511, 0.02009790984614888767, 0.01921333745121955872, 0.01836302083255431788, 0.01754580847166879731, 0.01676061526693001236, 0.01600634775403609114, 0.01528198178857564926, 0.01458649509466579224, 0.01391890057172351716, 0.01327825459841913344, 0.01266361920661088214, 0.01207410451024770737]
lim=[5., 5.]
time=[0., 5.]
