last-generated=2016-04-07
statistics-initialization=
{
  "numerical Jacobians": "0", 
  "nonlinear": "1, 1"
}
statistics-simulation=
{
  "numerical Jacobians": "0", 
  "nonlinear": " ", 
  "number of continuous time states": "182", 
  "linear": "3, 0, 0, 0, 0, 3, 0, 0, 0, 0, 3, 0, 0, 0, 0, 3, 0, 0, 0, 0, 3, 0, 0, 0, 0, 3, 0,   0, 0, 0, 3, 0, 0, 0, 0, 3, 0, 0, 0, 0, 3, 0, 0, 0, 0, 3, 0, 0, 0, 0"
}
senTem_out.T=[293.149993896484375, 283.164398193359375, 283.152679443359375, 283.1549072265625, 283.162384033203125, 283.17095947265625, 283.181732177734375, 283.1981201171875, 283.212493896484375, 283.230377197265625, 283.2496337890625, 283.269805908203125, 283.29168701171875, 283.314422607421875, 283.3380126953125, 283.362518310546875, 283.387725830078125, 283.413421630859375, 283.439910888671875, 283.4669189453125, 283.49456787109375, 283.523040771484375, 283.552490234375, 283.583160400390625, 283.615570068359375, 283.65032958984375, 283.688201904296875, 283.730194091796875, 283.777496337890625, 283.83148193359375, 283.89373779296875, 283.96600341796875, 284.050079345703125, 284.1478271484375, 284.261077880859375, 284.391632080078125, 284.541046142578125, 284.710723876953125, 284.9017333984375, 285.114837646484375, 285.350433349609375, 285.60845947265625, 285.888519287109375, 286.189788818359375, 286.510955810546875, 286.850555419921875, 287.206573486328125, 287.576904296875, 287.959136962890625, 288.350830078125, 288.74932861328125, 289.152008056640625, 289.556182861328125, 289.95928955078125, 290.35882568359375, 290.752685546875, 291.13885498046875, 291.515625, 291.8812255859375, 292.23443603515625, 292.57452392578125, 292.900482177734375, 293.211578369140625, 293.50787353515625, 293.78924560546875, 294.055206298828125, 294.3062744140625, 294.542816162109375, 294.764923095703125, 294.973114013671875, 295.16796875, 295.350006103515625, 295.5198974609375, 295.67816162109375, 295.8255615234375, 295.96282958984375, 296.090576171875, 296.20953369140625, 296.320404052734375, 296.423828125, 296.520477294921875, 296.6109619140625, 296.69580078125, 296.775543212890625, 296.85064697265625, 296.921539306640625, 296.98858642578125, 297.052093505859375, 297.11248779296875, 297.169921875, 297.224639892578125, 297.276947021484375, 297.3270263671875, 297.375030517578125, 297.421173095703125, 297.465606689453125, 297.50848388671875, 297.54998779296875, 297.59014892578125, 297.629119873046875, 297.66705322265625]
senTem_in.T=[293.149993896484375, 303.1357421875, 303.148956298828125, 303.150543212890625, 303.149658203125, 303.150299072265625, 303.15118408203125, 303.148712158203125, 303.150238037109375, 303.14996337890625, 303.149871826171875, 303.150177001953125, 303.149993896484375, 303.149993896484375, 303.1500244140625, 303.14996337890625, 303.14990234375, 303.1500244140625, 303.14996337890625, 303.149993896484375, 303.1500244140625, 303.149993896484375, 303.149993896484375, 303.149993896484375, 303.149993896484375, 303.149993896484375, 303.149993896484375, 303.149993896484375, 303.149993896484375, 303.149993896484375, 303.149993896484375, 303.149993896484375, 303.149993896484375, 303.149993896484375, 303.149993896484375, 303.149993896484375, 303.149993896484375, 303.149993896484375, 303.149993896484375, 303.149993896484375, 303.149993896484375, 303.149993896484375, 303.149993896484375, 303.149993896484375, 303.149993896484375, 303.149993896484375, 303.149993896484375, 303.149993896484375, 303.149993896484375, 303.149993896484375, 303.149993896484375, 303.149993896484375, 303.149993896484375, 303.149993896484375, 303.149993896484375, 303.149993896484375, 303.149993896484375, 303.149993896484375, 303.149993896484375, 303.149993896484375, 303.149993896484375, 303.149993896484375, 303.149993896484375, 303.149993896484375, 303.149993896484375, 303.149993896484375, 303.149993896484375, 303.149993896484375, 303.149993896484375, 303.149993896484375, 303.149993896484375, 303.149993896484375, 303.149993896484375, 303.149993896484375, 303.149993896484375, 303.149993896484375, 303.149993896484375, 303.149993896484375, 303.149993896484375, 303.149993896484375, 303.149993896484375, 303.149993896484375, 303.149993896484375, 303.149993896484375, 303.149993896484375, 303.149993896484375, 303.149993896484375, 303.149993896484375, 303.149993896484375, 303.149993896484375, 303.149993896484375, 303.149993896484375, 303.149993896484375, 303.149993896484375, 303.149993896484375, 303.149993896484375, 303.149993896484375, 303.149993896484375, 303.149993896484375, 303.149993896484375, 303.149993896484375]
seg.T_start=[283.149993896484375, 283.149993896484375]
time=[0., 1000.]
