last-generated=2016-04-07
statistics-simulation=
{
  "numerical Jacobians": "0", 
  "nonlinear": " ", 
  "linear": " "
}
int=[0., 14.54534504928790816791, 6.30753780120037887968, 3.47775898334725619421, 2.23172242915847096612, 1.63435292243957519531, 1.31104167063504517543, 1.10551546234399178381, 0.95705797057837149744, 0.84186611345369577464, 0.74898940324783325195, 0.67222608965952712623, 0.60756871207112062017, 0.55225787261293224351, 0.50432383012735704231, 0.46232232451438903809, 0.42517046026035881789, 0.39204053670402644327, 0.36228914767240238959, 0.33540862216578087862, 0.31099304556846618652, 0.28871385296679302757, 0.26830236096930115686, 0.24953637191982136478, 0.23223076921043656062, 0.21622964739799499512, 0.20140089271612737765, 0.18763159872021387131, 0.17482448545497775161, 0.16289536302482837682, 0.15177063643932342529, 0.14138575463095906515, 0.13168366716007587347, 0.12261359734136555166, 0.11413023684822126702, 0.10619277507066726685, 0.0987643831226516361, 0.0918116006626045339, 0.08530383266653335239, 0.07921311840125488946, 0.07351361960172653198, 0.06818153233593707285, 0.06319472049552227189, 0.0585326268784401374, 0.05417598081864877929, 0.05010680481791496277, 0.04630820487722462492, 0.04276429604091011583, 0.0394601177116457591, 0.0363815046404482173, 0.03351511433720588684, 0.03084831448394840039, 0.02836913548752560688, 0.02606624431565506689, 0.02392887341665799611, 0.02194683626294136047, 0.02011046582770803504, 0.01841059586072980869, 0.01683853866492690532, 0.01538603891372635965, 0.01404530089348554611, 0.0128089327678731716, 0.01166993831584636071, 0.01062170802315291068, 0.00965798272458327604, 0.00877286680042743683, 0.00796079564641004322, 0.00721652582705941108, 0.0065351244020369955, 0.00591194409703511923, 0.00534262927249073982, 0.00482309052258768443, 0.00434949725571568292, 0.00391826441806261607, 0.00352603583749568896, 0.00316968513652682304, 0.00284629426879474783, 0.00255314629189633442, 0.00228771641254461432, 0.00204765563441644104, 0.00183078891132026911, 0.00163510190465857865, 0.00145872745180280106, 0.00129994698817133096, 0.00115716897393101145, 0.00102893286384642124, 0.00091389127421225567, 0.00081080663814370765, 0.00071854674159387813, 0.00063607080221746441, 0.0005624297191388905, 0.0004967545568993918, 0.00043825251017986025, 0.00038620324372024955, 0.00033994937603647315, 0.00029889543657191098, 0.0002625001876847256, 0.00023027329391779534, 0.00020177221064941801, 0.00017659602129809334, 0.00015438404807355255]
lim=[5., 5.]
lb=[7.71516752243041992188, 7.71497440338422180162, 7.71478176117517477905, 7.71458911898048427247, 7.71439599991995805794, 7.71420335769653320312, 7.71401071553054862306, 7.71381759641258213378, 7.71362495424659755372, 7.71343231196567558072, 7.71323919296264648438, 7.71304655079666190431, 7.71285390863067732425, 7.712661266235045332, 7.71246862406906075194, 7.71227598190307617188, 7.71208333973709159181, 7.71189069757110701175, 7.7116980551754750195, 7.71150541300949043944, 7.71131277084350585938, 7.71112012844787386712, 7.71092748651153669925, 7.71073532095306291012, 7.71054267901672574226, 7.71035003662109375, 7.71015739422591650509, 7.70996522912605541933, 7.70977258673065080075, 7.70957994479431363288, 7.70938777923583984375, 7.70919513684066259884, 7.70900297174080151308, 7.70881032934562426817, 7.70861816424576318241, 7.7084255218505859375, 7.70823335629211214837, 7.7080407143557749805, 7.70784854879752856505, 7.70765638369766747928, 7.70746374130249023438, 7.70727157574447119259, 7.70707941018645392717, 7.70688724554474724471, 7.70669460315002652351, 7.70650243759155273438, 7.70631027203353369259, 7.70611810647551642717, 7.70592594183380974471, 7.70573377627579247928, 7.7055416107177734375, 7.70534944515975439572, 7.70515727960173713029, 7.70496511496003044783, 7.70477294940201318241, 7.70458078384399414062, 7.70438909512313330197, 7.70419692956511603654, 7.70400476492340935408, 7.70381259936539208866, 7.70362091064453125, 7.70342874508651220822, 7.70323657952940443749, 7.70304489172303696876, 7.70285272616592919803, 7.70266103744506835938, 7.70246887188750406494, 7.70227718316619025529, 7.70208501852448357283, 7.70189332980316976318, 7.70170116424560546875, 7.70150947552519937744, 7.70131778680388556779, 7.70112562216217888533, 7.70093393344086507568, 7.70074224472045898438, 7.70055055599959814572, 7.70035839044249037499, 7.70016670263612290626, 7.69997501391571859131, 7.6997833251953125, 7.69959163738894591944, 7.69939994775450209374, 7.69920825994813462501, 7.69901657031369079931, 7.69882488250732421875, 7.69863319470095763819, 7.69844150506651381249, 7.69824981726014634376, 7.69805812762752150746, 7.69786691665649414062, 7.69767522885012756007, 7.69748353921568373437, 7.69729185140931626563, 7.69710063861203064306, 7.6969089508056640625, 7.69671726299929748194, 7.69652605020201185937, 7.69633436239564439063, 7.69614314959835876806, 7.6959514617919921875]
time=[0., 5.]
