last-generated=2016-04-07
statistics-simulation=
{
  "numerical Jacobians": "0", 
  "nonlinear": " ", 
  "linear": " "
}
QAgg[2, 1]=[0., 0., 0., 0., 0., 0., 0., 0., 0., 0., 0., 0., 0., 0.41666656732561646592, 0.5, 0.5, 0.5, 0.5, 0.5, 0.62875702887605922076, 0.65450847148895263672, 0.65450847148895263672, 0.65450847148895263672, 0.65450847148895263672, 0.65450847148895263672, 0.51055355549184522346, 0.48176273703575134277, 0.48176273703575134277, 0.48176273703575134277, 0.48176273703575134277, 0.48176273703575134277, 0.15227087084234541825, 0.0863728746771812439, 0.0863728746771812439, 0.0863728746771812439, 0.0863728746771812439, 0.0863728746771812439, -0.28670658112195951395, -0.36132204532623291016, -0.36132204532623291016, -0.36132204532623291016, -0.36132204532623291016, -0.36132204532623291016, -0.62743811356169576499, -0.68066102266311645508, -0.68066102266311645508, -0.68066102266311645508, -0.68066102266311645508, -0.68066102266311645508, -0.73414273196701285151, -0.74483901262283325195, -0.74483901262283325195, -0.74483901262283325195, -0.74483901262283325195, -0.74483901262283325195, -0.56324633525911016463, -0.52692800760269165039, -0.52692800760269165039, -0.52692800760269165039, -0.52692800760269165039, -0.52692800760269165039]
QAgg[1, 2]=[0., 0., 0., 0., 0., 0., 0., 0.83333313465123182162, 1., 1., 1., 1., 1., 0.84084754009702811217, 0.80901700258255004883, 0.80901700258255004883, 0.80901700258255004883, 0.80901700258255004883, 0.80901700258255004883, 0.39235043525693469313, 0.30901700258255004883, 0.30901700258255004883, 0.30901700258255004883, 0.30901700258255004883, 0.30901700258255004883, -0.20601182622480052054, -0.30901700258255004883, -0.30901700258255004883, -0.30901700258255004883, -0.30901700258255004883, -0.30901700258255004883, -0.72568406661389484036, -0.80901700258255004883, -0.80901700258255004883, -0.80901700258255004883, -0.80901700258255004883, -0.80901700258255004883, -0.9681696522102196667, -1., -1., -1., -1., -1., -0.84084735037233038213, -0.80901700258255004883, -0.80901700258255004883, -0.80901700258255004883, -0.80901700258255004883, -0.80901700258255004883, -0.39234993855120742223, -0.30901700258255004883, -0.30901700258255004883, -0.30901700258255004883, -0.30901700258255004883, -0.30901700258255004883, 0.206011826224797856, 0.30901700258255004883, 0.30901700258255004883, 0.30901700258255004883, 0.30901700258255004883, 0.30901700258255004883]
cos.y=[1., 0.9934289357051908631, 0.97642701922683805549, 0.94917983105828418466, 0.91195321614243984865, 0.86509171462504341754, 0.80901700258255004883, 0.7423100332515166766, 0.66793886820475267818, 0.5866253972053527832, 0.49914429585138964107, 0.40631887977078506857, 0.30901700258255004883, 0.20765395147316861868, 0.10432083391776157677, 0., -0.10432083391776157677, -0.20765395147316861868, -0.30901700258255004883, -0.40631887977078495755, -0.49914425212244456498, -0.5866253972053527832, -0.66793890458131077725, -0.7423100332515166766, -0.80901700258255004883, -0.86509176475979066012, -0.91195321083068858758, -0.94917982816696166992, -0.97642701864242553711, -0.99342892934061299837, -1., -0.99342892934061299837, -0.97642701864242553711, -0.94917982816696166992, -0.91195321083068858758, -0.86509176475979043808, -0.80901700258255004883, -0.74230995373053643149, -0.6679388682047527892, -0.5866253972053527832, -0.49914429585138986312, -0.40631899576377183969, -0.30901700258255004883, -0.20765383063888029347, -0.10432078440984109136, 0., 0.10432078440984107748, 0.20765383063888029347, 0.30901700258255004883, 0.40631899576377183969, 0.4991444707673777792, 0.5866253972053527832, 0.66793872269834664301, 0.74230995373053609843, 0.80901700258255004883, 0.86509176475979043808, 0.91195329581878625813, 0.94917982816696166992, 0.9764269812399886117, 0.99342892934061299837, 1.]
QAgg[1, 1]=[1., 1., 1., 1., 1., 1., 1., 0.84084754009702833422, 0.80901700258255004883, 0.80901700258255004883, 0.80901700258255004883, 0.80901700258255004883, 0.80901700258255004883, 0.39235043525693358291, 0.30901700258255004883, 0.30901700258255004883, 0.30901700258255004883, 0.30901700258255004883, 0.30901700258255004883, -0.20601121226273777509, -0.30901700258255004883, -0.30901700258255004883, -0.30901700258255004883, -0.30901700258255004883, -0.30901700258255004883, -0.72568406661389484036, -0.80901700258255004883, -0.80901700258255004883, -0.80901700258255004883, -0.80901700258255004883, -0.80901700258255004883, -0.9681696522102196667, -1., -1., -1., -1., -1., -0.84084735037233038213, -0.80901700258255004883, -0.80901700258255004883, -0.80901700258255004883, -0.80901700258255004883, -0.80901700258255004883, -0.39234993855120520179, -0.30901700258255004883, -0.30901700258255004883, -0.30901700258255004883, -0.30901700258255004883, -0.30901700258255004883, 0.206011826224797856, 0.30901700258255004883, 0.30901700258255004883, 0.30901700258255004883, 0.30901700258255004883, 0.30901700258255004883, 0.72568406661389261991, 0.80901700258255004883, 0.80901700258255004883, 0.80901700258255004883, 0.80901700258255004883, 0.80901700258255004883]
time=[0., 10.]
QAgg[3, 1]=[0., 0., 0., 0., 0., 0., 0., 0., 0., 0., 0., 0., 0., 0., 0., 0., 0., 0., 0., 0., 0., 0., 0., 0., 0., 0.05208338300391810588, 0.0625, 0.0625, 0.0625, 0.0625, 0.0625, 0.1436988765507157817, 0.15993855893611907959, 0.15993855893611907959, 0.15993855893611907959, 0.15993855893611907959, 0.15993855893611907959, 0.22391152770722919096, 0.23670604825019836426, 0.23670604825019836426, 0.23670604825019836426, 0.23670604825019836426, 0.23670604825019836426, 0.24503619024846587382, 0.24670220911502838135, 0.24670220911502838135, 0.24670220911502838135, 0.24670220911502838135, 0.24670220911502838135, 0.18649008591608398633, 0.17444773018360137939, 0.17444773018360137939, 0.17444773018360137939, 0.17444773018360137939, 0.17444773018360137939, 0.06279427216716677862, 0.04046370834112167358, 0.04046370834112167358, 0.04046370834112167358, 0.04046370834112167358, 0.04046370834112167358]
QAgg[3, 2]=[0., 0., 0., 0., 0., 0., 0., 0., 0., 0., 0., 0., 0., 0., 0., 0., 0., 0., 0., 0., 0., 0., 0., 0., 0., 0., 0., 0., 0., 0., 0., 0.01302084575097952647, 0.015625, 0.015625, 0.015625, 0.015625, 0.015625, 0.04569035345091359418, 0.0517033897340297699, 0.0517033897340297699, 0.0517033897340297699, 0.0517033897340297699, 0.0517033897340297699, 0.09024564934330114863, 0.09795405715703964233, 0.09795405715703964233, 0.09795405715703964233, 0.09795405715703964233, 0.09795405715703964233, 0.12894328037863392322, 0.13514108955860137939, 0.13514108955860137939, 0.13514108955860137939, 0.13514108955860137939, 0.13514108955860137939, 0.14332998083167830528, 0.14496774971485137939, 0.14496774971485137939, 0.14496774971485137939, 0.14496774971485137939, 0.14496774971485137939]
QAgg[2, 2]=[0., 0., 0., 0., 0., 0., 0., 0., 0., 0., 0., 0., 0., 0., 0., 0., 0., 0., 0., 0.20833328366280767785, 0.25, 0.25, 0.25, 0.25, 0.25, 0.41854535719110885772, 0.45225423574447631836, 0.45225423574447631836, 0.45225423574447631836, 0.45225423574447631836, 0.45225423574447631836, 0.46454946875912322968, 0.46700850129127502441, 0.46700850129127502441, 0.46700850129127502441, 0.46700850129127502441, 0.46700850129127502441, 0.30841017538866088987, 0.27669069170951843262, 0.27669069170951843262, 0.27669069170951843262, 0.27669069170951843262, 0.27669069170951843262, 0.01085178844099482509, -0.04231568798422813416, -0.04231568798422813416, -0.04231568798422813416, -0.04231568798422813416, -0.04231568798422813416, -0.30829317839283731928, -0.3614883720874786377, -0.3614883720874786377, -0.3614883720874786377, -0.3614883720874786377, -0.3614883720874786377, -0.52121797039152562014, -0.55316370725631713867, -0.55316370725631713867, -0.55316370725631713867, -0.55316370725631713867, -0.55316370725631713867]
rArr[3]=[4., 4.]
rArr[2]=[2., 2.]
rArr[1]=[1., 1.]
