last-generated=2016-04-07
statistics-initialization=
{
  "numerical Jacobians": "0", 
  "nonlinear": "1, 1, 1, 1"
}
statistics-simulation=
{
  "numerical Jacobians": "0", 
  "nonlinear": " ", 
  "number of continuous time states": "12", 
  "linear": "0, 0, 0, 0"
}
Rb_ref.y=[0.05699830129742622375, 0.05699830129742622375]
Rb_sim=[8., 0.92575883865356445312, 0.75137513875961303711, 0.51418292522430419922, 0.38927951455116271973, 0.31272056698799133301, 0.2613881528377532959, 0.22476968169212341309, 0.19744710624217987061, 0.17638236284255981445, 0.15972287952899932861, 0.14623714983463287354, 0.13513348996639251709, 0.12588089704513549805, 0.11809751391410827637, 0.11148642748594284058, 0.10581925511360168457, 0.1009289473295211792, 0.09668050706386566162, 0.09296613931655883789, 0.089701041579246521, 0.08681675046682357788, 0.08425990492105484009, 0.08198418468236923218, 0.07994394749402999878, 0.07811148464679718018, 0.07646159827709197998, 0.07497349381446838379, 0.07362866401672363281, 0.07240989804267883301, 0.07130428403615951538, 0.07029826939105987549, 0.06938184797763824463, 0.0685451999306678772, 0.06778011471033096313, 0.06707952171564102173, 0.06643684208393096924, 0.06584699451923370361, 0.06530523300170898438, 0.06480685621500015259, 0.0643477216362953186, 0.06392445415258407593, 0.0635344386100769043, 0.06317401677370071411, 0.06284026056528091431, 0.06253046542406082153, 0.06224733218550682068, 0.06198622286319732666, 0.06174529343843460083, 0.06152280420064926147, 0.06131709367036819458, 0.06112655624747276306, 0.06094965711236000061, 0.06078490987420082092, 0.06062662228941917419, 0.06046838313341140747, 0.06032015010714530945, 0.06018178164958953857, 0.06005314737558364868, 0.0599341168999671936, 0.05982457846403121948, 0.05972443148493766785, 0.05963357537984848022, 0.05956792086362838745, 0.05951565876603126526, 0.05946349352598190308, 0.05941142141819000244, 0.05935944616794586182, 0.05930756032466888428, 0.05925577133893966675, 0.05920407548546791077, 0.05915247276425361633, 0.05911746621131896973, 0.05908499285578727722, 0.05905255675315856934, 0.05902015790343284607, 0.05898779630661010742, 0.05895546823740005493, 0.05892317742109298706, 0.05889092758297920227, 0.05886138975620269775, 0.05884657800197601318, 0.05883177369832992554, 0.05881697684526443481, 0.05880218744277954102, 0.0587874092161655426, 0.05877263471484184265, 0.05875787138938903809, 0.05874311178922653198, 0.05872836336493492126, 0.05871361866593360901, 0.05869888514280319214, 0.05868415534496307373, 0.05866943672299385071, 0.05865472555160522461, 0.05864002183079719543, 0.05862532183527946472, 0.05861063301563262939, 0.05859760195016860962, 0.05858520418405532837, 0.05857281014323234558]
error.y=[7.94300174713134765625, 0.86876052618026733398, 0.69437682628631591797, 0.45718464255332946777, 0.33228123188018798828, 0.25572228431701660156, 0.20438985526561737061, 0.16777138411998748779, 0.14044879376888275146, 0.11938406527042388916, 0.1027245745062828064, 0.08923885226249694824, 0.0781351923942565918, 0.06888260692358016968, 0.06109921634197235107, 0.05448812618851661682, 0.04882095754146575928, 0.04393064975738525391, 0.03968220949172973633, 0.03596783801913261414, 0.03270274028182029724, 0.0298184473067522049, 0.02726160548627376556, 0.02498588897287845612, 0.02294564433395862579, 0.02111318334937095642, 0.01946330256760120392, 0.01797519251704216003, 0.01663036644458770752, 0.01541159488260746002, 0.01430598553270101547, 0.0132999662309885025, 0.01238355040550231934, 0.01154689677059650421, 0.01078181155025959015, 0.0100812222808599472, 0.00943854451179504395, 0.00884869415313005447, 0.00830692984163761139, 0.00780855631455779076, 0.00734942127019166946, 0.00692615192383527756, 0.00653613870963454247, 0.00617571873590350151, 0.00584196299314498901, 0.00553216459229588509, 0.00524903368204832077, 0.0049879211001098156, 0.00474699307233095169, 0.00452450569719076157, 0.00431879330426454544, 0.00412825681269168854, 0.0039513586089015007, 0.00378661137074232101, 0.00362832355313003063, 0.00347008206881582737, 0.00332184997387230396, 0.00318348291330039501, 0.00305484654381871223, 0.00293581699952483177, 0.00282627996057271957, 0.00272613181732594967, 0.00263527687638998032, 0.0025696195662021637, 0.00251735909841954708, 0.00246519339270889759, 0.00241312198340892792, 0.00236114487051963806, 0.00230926158837974072, 0.00225747190415859222, 0.00220577581785619259, 0.0021541728638112545, 0.00211916747502982616, 0.00208669435232877731, 0.00205425801686942577, 0.00202185846865177155, 0.00198949547484517097, 0.00195716903544962406, 0.00192487926688045263, 0.00189262593630701303, 0.00186308939009904861, 0.00184827775228768587, 0.00183347391430288553, 0.00181867775972932577, 0.00180388917215168476, 0.00178910838440060616, 0.0017743351636454463, 0.00175956962630152702, 0.00174481177236884832, 0.00173006148543208838, 0.001715318881906569, 0.00170058396179229021, 0.00168585660867393017, 0.0016711369389668107, 0.00165642483625560999, 0.00164172030054032803, 0.00162702344823628664, 0.00161233416292816401, 0.00159930263180285692, 0.00158690346870571375, 0.00157450966071337461]
time=[0., 1000.]
senTem3.T=[293.149993896484375, 286.472259521484375, 287.717315673828125, 288.75177001953125, 289.576690673828125, 290.233184814453125, 290.7576904296875, 291.177001953125, 291.512237548828125, 291.7806396484375, 291.995880126953125, 292.167755126953125, 292.304718017578125, 292.41412353515625, 292.5020751953125, 292.572998046875, 292.63018798828125, 292.6766357421875, 292.714508056640625, 292.745452880859375, 292.77081298828125, 292.791656494140625, 292.808990478515625, 292.823486328125, 292.835113525390625, 292.8446044921875, 292.8524169921875, 292.85894775390625, 292.864532470703125, 292.8692626953125, 292.873443603515625, 292.876983642578125, 292.88018798828125, 292.882965087890625, 292.885467529296875, 292.887664794921875, 292.8896484375, 292.89141845703125, 292.89300537109375, 292.8944091796875, 292.895660400390625, 292.896820068359375, 292.897857666015625, 292.898834228515625, 292.89971923828125, 292.900604248046875, 292.90130615234375, 292.9019775390625, 292.902587890625, 292.903106689453125, 292.90362548828125, 292.904083251953125, 292.904510498046875, 292.9049072265625, 292.90533447265625, 292.90576171875, 292.906158447265625, 292.906585693359375, 292.906951904296875, 292.907318115234375, 292.90765380859375, 292.907989501953125, 292.908294677734375, 292.908538818359375, 292.90869140625, 292.908843994140625, 292.909027099609375, 292.9091796875, 292.90936279296875, 292.909515380859375, 292.909698486328125, 292.90985107421875, 292.90997314453125, 292.910064697265625, 292.91015625, 292.910247802734375, 292.91033935546875, 292.91046142578125, 292.910552978515625, 292.91064453125, 292.910736083984375, 292.9107666015625, 292.91082763671875, 292.910858154296875, 292.910888671875, 292.91094970703125, 292.910980224609375, 292.911041259765625, 292.91107177734375, 292.9111328125, 292.911163330078125, 292.91119384765625, 292.9112548828125, 292.911285400390625, 292.911346435546875, 292.911376953125, 292.911407470703125, 292.911468505859375, 292.9114990234375, 292.911529541015625, 292.91156005859375]
senTem1.T=[293.149993896484375, 285.67926025390625, 286.11376953125, 286.501617431640625, 286.8118896484375, 287.058441162109375, 287.25634765625, 287.41522216796875, 287.542755126953125, 287.6453857421875, 287.728271484375, 287.7950439453125, 287.848785400390625, 287.892181396484375, 287.927581787109375, 287.95654296875, 287.9803466796875, 288.00006103515625, 288.016510009765625, 288.0302734375, 288.0418701171875, 288.05169677734375, 288.06011962890625, 288.0673828125, 288.073486328125, 288.078704833984375, 288.08319091796875, 288.087127685546875, 288.090606689453125, 288.09368896484375, 288.09649658203125, 288.099029541015625, 288.101318359375, 288.1033935546875, 288.10528564453125, 288.107025146484375, 288.108612060546875, 288.110076904296875, 288.111419677734375, 288.1126708984375, 288.113800048828125, 288.114837646484375, 288.115814208984375, 288.11669921875, 288.1175537109375, 288.11834716796875, 288.119049072265625, 288.11968994140625, 288.12030029296875, 288.120849609375, 288.121368408203125, 288.121856689453125, 288.122314453125, 288.122711181640625, 288.123138427734375, 288.123565673828125, 288.12396240234375, 288.12432861328125, 288.12469482421875, 288.125030517578125, 288.125335693359375, 288.125640869140625, 288.12591552734375, 288.1260986328125, 288.126251220703125, 288.12640380859375, 288.126556396484375, 288.126708984375, 288.126861572265625, 288.12701416015625, 288.127166748046875, 288.1273193359375, 288.127410888671875, 288.12750244140625, 288.127593994140625, 288.127685546875, 288.127777099609375, 288.12786865234375, 288.127960205078125, 288.1280517578125, 288.128143310546875, 288.128173828125, 288.12823486328125, 288.128265380859375, 288.1282958984375, 288.12835693359375, 288.128387451171875, 288.128448486328125, 288.12847900390625, 288.128509521484375, 288.128570556640625, 288.12860107421875, 288.128631591796875, 288.128692626953125, 288.12872314453125, 288.1287841796875, 288.128814697265625, 288.12884521484375, 288.12890625, 288.128936767578125, 288.12896728515625]
